path_point {
  x: 692939.80283939722
  y: 5339063.7384469518
  z: 0
  theta: -0.50471087091813782
  kappa: 0
  s: 0
}
v: 0.73926108724414485
a: -0.17689687364757878
relative_time: 0